%YAML:1.0
---
M: !!opencv-matrix
   rows: 3
   cols: 3
   dt: d
   data: [ 3.8170772298082443e+03, 0., 8.2182030302445810e+02, 0.,
       3.8199832379566769e+03, 5.6492638704933381e+02, 0., 0., 1. ]
D: !!opencv-matrix
   rows: 1
   cols: 5
   dt: d
   data: [ -1.1227543126535430e-01, 7.8389253736447158e+00,
       -2.2512682887670279e-03, -9.1871493374543899e-04,
       -2.7751564301527515e+02 ]
R: !!opencv-matrix
   rows: 3
   cols: 1
   dt: d
   data: [ -2.2938491144326636e+00, -2.1308608340247841e+00,
       8.2853582104588083e-02 ]
T: !!opencv-matrix
   rows: 3
   cols: 1
   dt: d
   data: [ -5.7833936162369916e+01, -6.0126651447325834e+01,
       6.3800105291656257e+02 ]
